OwnedVehicle 100 Records: 
SaveTimes: 
329
318
291
300
321
330
319
316
296
325
297
333
332
302
318
313
291
319
307
318
298
320
309
324
318
335
319
300
311
310
295
322
301
261
322
298
292
316
303
311
283
316
308
307
318
340
259
295
297
295
GetTimes: 
43
33
35
30
41
30
33
28
29
31
31
33
32
32
29
31
29
33
30
34
28
31
28
30
31
33
35
32
34
31
36
31
32
29
29
32
31
33
31
29
31
31
31
33
32
29
33
34
30
33
SelectWithJoinTimes: 
51
18
16
16
16
14
14
14
14
13
14
18
16
14
14
13
15
18
15
15
15
14
15
15
17
15
15
14
16
14
15
15
16
14
16
16
15
15
16
16
15
14
15
15
15
14
15
15
14
13
UpdateTimes: 
20
7
9
9
8
8
8
9
10
9
8
9
9
8
9
9
9
7
9
9
8
8
7
8
8
8
7
8
8
8
7
8
8
8
6
8
7
8
6
8
7
8
7
6
8
7
7
7
7
7
DeleteTimes
324
281
279
248
352
242
274
243
262
272
270
298
255
288
292
283
253
260
233
268
242
274
265
277
257
282
290
251
275
281
279
285
295
257
280
265
235
294
300
261
287
256
281
279
289
290
282
247
244
265
