OwnedVehicle 1000 Records: 
SaveTimes: 
2471
2236
2256
2457
2513
2270
2344
2484
2329
2235
2142
2336
2279
2190
2198
2233
2473
2439
2135
2252
2009
2283
2140
2350
2473
2209
2307
2302
2302
2463
2333
2248
2637
2240
2160
2179
2248
2300
2278
2109
2068
2234
2205
2210
2174
2078
2216
2516
2369
2357
GetTimes: 
29
32
29
31
33
28
28
28
27
29
24
27
37
28
28
26
27
27
33
28
27
35
24
27
28
28
27
28
32
33
30
26
41
35
34
28
28
28
28
26
26
29
28
28
27
27
27
32
29
28
SelectWithJoinTimes: 
13
13
13
14
14
13
15
14
13
14
14
13
15
14
15
19
14
14
19
14
13
15
13
13
13
13
13
16
13
15
14
14
14
14
13
13
13
13
13
17
18
16
16
16
18
17
17
16
17
14
UpdateTimes: 
7
7
7
7
7
7
7
7
8
6
7
7
8
7
7
6
8
8
7
7
8
6
8
10
7
8
9
8
8
6
7
8
8
6
8
7
7
8
8
6
7
8
6
7
7
7
8
7
7
7
DeleteTimes
282
240
265
278
347
281
278
306
275
275
218
258
260
239
257
245
266
254
250
250
250
328
234
243
254
245
247
246
269
284
280
259
277
272
279
274
258
283
296
239
237
267
237
235
241
278
275
297
262
253
