OwnedVehicle 10000 Records: 
SaveTimes: 
23519
20718
21209
23138
21943
20945
23276
20946
21086
21439
21611
21514
21137
20994
21538
24792
21905
21580
21912
22204
22558
21137
23050
22317
21341
22029
23132
22081
20826
20976
20473
22171
21080
20866
20851
20712
20680
21164
20745
22658
20876
21853
22420
21768
22361
24087
23003
23777
21669
23833
GetTimes: 
32
27
28
26
29
29
28
26
34
29
27
23
28
26
27
28
30
37
28
27
28
28
27
27
27
28
28
33
34
26
28
28
28
27
27
26
28
27
30
28
27
29
30
27
33
23
32
38
28
28
SelectWithJoinTimes: 
15
16
14
14
16
16
15
15
15
18
15
15
17
15
15
16
14
17
17
15
14
18
14
14
14
17
15
15
17
17
14
13
14
15
14
17
14
14
18
14
15
15
18
16
15
14
15
16
14
15
UpdateTimes: 
7
7
9
7
7
8
9
7
8
8
10
8
6
9
7
9
8
8
9
8
7
7
8
8
8
9
7
10
8
7
9
8
9
9
9
9
8
7
7
6
8
7
8
8
7
8
8
9
7
10
DeleteTimes
307
274
254
246
256
252
289
241
268
252
241
214
266
243
255
271
255
367
265
271
231
229
252
246
250
278
252
269
269
237
249
247
252
236
242
243
257
229
256
309
232
250
285
230
323
243
284
375
278
287
